type,tag,location,startH,startM,startS,endH,endM,endS
0,'n4gK','Roboter',0,3,36,0,11,37,
0,'n4gK','Roboter',0,13,36,0,49,37,
0,'n4gK','Funken',0,49,37,1,7,36,
0,'ofEz','Roboter',0,56,16,1,19,39,
0,'Xgti','Funken',0,57,37,1,47,39,
0,'n4gK','Roboter',1,7,36,1,19,38,
0,'n4gK','Roboter',1,21,36,1,28,19,
0,'ofEz','Roboter',1,24,16,3,32,20,
0,'pMaq','Funken',1,26,19,1,52,18,
0,'n4gK','Funken',1,31,37,2,15,36,
0,'lwFq','Roboter',1,49,36,4,25,40,
0,'Xgti','Funken',1,49,38,1,57,39,
0,'pMaq','Funken',1,52,18,5,20,57,
0,'Xgti','Funken',1,57,39,2,5,38,
0,'Xgti','Funken',2,5,38,2,43,39,
0,'Hf6q','Funken',2,5,39,2,15,36,
0,'Hf6q','Roboter',2,15,36,2,33,39,
0,'n4gK','Funken',2,17,38,2,23,36,
0,'n4gK','Roboter',2,23,36,2,33,38,
0,'n4gK','Funken',2,33,38,3,39,36,
0,'LLz2','Dornerei',2,41,39,5,17,1,
0,'Xgti','Funken',2,47,38,3,19,40,
0,'Hf6q','Funken',2,47,39,3,8,16,
0,'Hf6q','Funken',3,9,40,3,34,16,
0,'Xgti','Funken',3,23,38,3,35,40,
0,'ox0d','Stanzen',3,27,41,5,9,38,
0,'Hf6q','Roboter',3,34,16,3,52,20,
0,'ofEz','Roboter',3,35,36,7,2,18,
0,'Xgti','Funken',3,35,40,3,41,38,
0,'n4gK','Roboter',3,39,36,3,45,38,
0,'Xgti','Funken',3,41,38,3,59,40,
0,'n4gK','Funken',3,45,38,4,25,40,
0,'Hf6q','Funken',3,52,20,4,3,36,
0,'Xgti','Funken',4,1,38,4,13,36,
0,'Hf6q','Roboter',4,3,36,4,53,40,
0,'Xgti','Roboter',4,13,36,5,3,38,
0,'lwFq','Roboter',4,27,37,4,41,40,
0,'n4gK','Roboter',4,33,37,4,39,40,
0,'n4gK','Funken',4,41,38,4,56,17,
0,'lwFq','Roboter',4,43,37,5,7,40,
0,'n4gK','Roboter',4,59,37,5,5,38,
0,'Xgti','Funken',5,3,38,5,21,37,
0,'Hf6q','Funken',5,5,38,5,18,20,
0,'n4gK','Funken',5,5,38,5,12,17,
0,'lwFq','Funken',5,7,40,5,33,37,
0,'GmK6','Stanzen',5,11,1,5,56,57,
0,'n4gK','Roboter',5,12,17,5,49,40,
0,'ox0d','Funken',5,15,38,5,35,1,
0,'LLz2','Stanzen',5,17,1,5,23,39,
0,'Hf6q','Funken',5,18,20,6,33,37,
0,'pMaq','Roboter',5,20,57,7,2,20,
0,'Xgti','Roboter',5,21,37,5,29,38,
0,'LLz2','Dornerei',5,23,39,5,55,2,
0,'lwFq','Roboter',5,33,37,6,7,40,
0,'Xgti','Roboter',5,33,37,6,45,38,
0,'ox0d','Stanzen',5,35,1,6,21,38,
0,'LLz2','Stanzen',5,55,2,6,7,39,
0,'GmK6','Roboter',5,56,57,16,49,39,
0,'n4gK','Funken',6,3,40,6,34,57,
0,'lwFq','Funken',6,7,40,6,13,37,
0,'LLz2','Dornerei',6,11,39,11,18,54,
0,'lwFq','Roboter',6,19,37,7,1,40,
0,'ox0d','Funken',6,21,38,6,41,2,
0,'n4gK','Roboter',6,34,57,6,55,40,
0,'Hf6q','Funken',6,37,38,7,40,17,
0,'ox0d','Stanzen',6,41,2,6,55,39,
0,'Xgti','Roboter',6,49,37,7,5,38,
0,'ox0d','Dornerei',6,55,39,7,1,2,
0,'ox0d','Stanzen',7,1,2,7,47,38,
0,'pMaq','Roboter',7,3,37,7,9,40,
0,'ofEz','Roboter',7,4,17,8,31,2,
0,'n4gK','Funken',7,4,20,7,17,37,
0,'lwFq','Roboter',7,5,37,7,29,40,
0,'Xgti','Funken',7,5,38,7,17,37,
0,'pMaq','Funken',7,9,40,7,46,57,
0,'Xgti','Roboter',7,17,37,8,53,38,
0,'lwFq','Roboter',7,31,37,7,51,38,
0,'n4gK','Roboter',7,37,37,7,43,40,
0,'Hf6q','Roboter',7,40,17,7,53,2,
0,'n4gK','Funken',7,43,40,7,53,37,
0,'pMaq','Roboter',7,46,57,8,23,0,
0,'ox0d','Stanzen',7,49,2,8,23,40,
0,'lwFq','Funken',7,51,38,8,21,40,
0,'Hf6q','Stanzen',7,53,2,8,2,17,
0,'n4gK','Roboter',7,53,37,8,3,40,
0,'Hf6q','Roboter',8,2,17,8,14,22,
0,'n4gK','Funken',8,3,40,8,25,37,
0,'Hf6q','Stanzen',8,14,22,8,46,18,
0,'lwFq','Funken',8,21,40,8,35,37,
0,'pMaq','Funken',8,23,0,8,52,57,
0,'ox0d','Stanzen',8,25,2,9,23,40,
0,'n4gK','Funken',8,31,38,8,41,40,
0,'ofEz','Roboter',8,34,17,10,11,33,
0,'lwFq','Roboter',8,35,37,8,54,19,
0,'n4gK','Funken',8,43,38,8,49,37,
0,'Hf6q','Funken',8,46,18,8,56,57,
0,'n4gK','Roboter',8,49,37,9,7,39,
0,'pMaq','Roboter',8,52,57,9,2,20,
0,'Xgti','Funken',8,53,38,9,33,40,
0,'Hf6q','Roboter',8,56,57,9,56,13,
0,'lwFq','Roboter',8,57,37,9,9,40,
0,'pMaq','Funken',9,2,20,10,20,13,
0,'lwFq','Funken',9,9,40,9,25,37,
0,'n4gK','Stanzen',9,16,21,9,25,0,
0,'lwFq','Roboter',9,25,37,9,52,20,
0,'UUWO','Stanzen',9,27,12,9,37,39,
0,'ox0d','Stanzen',9,27,12,9,37,40,
0,'n4gK','Roboter',9,32,17,10,0,59,
0,'Xgti','Funken',9,33,40,9,43,39,
0,'UUWO','Funken',9,37,39,9,54,53,
0,'ox0d','Dornerei',9,37,40,9,54,53,
0,'Xgti','Funken',9,43,39,9,57,1,
0,'lwFq','Funken',9,52,20,9,58,57,
0,'Hf6q','Stanzen',9,56,13,10,2,59,
0,'Xgti','Funken',9,57,1,10,2,59,
0,'ox0d','Dornerei',9,59,0,10,6,53,
0,'lwFq','Roboter',10,2,57,10,9,1,
0,'Xgti','Funken',10,2,59,10,21,1,
0,'Hf6q','Funken',10,2,59,10,40,17,
0,'ox0d','Stanzen',10,6,53,10,15,0,
0,'n4gK','Funken',10,9,1,10,14,57,
0,'ofEz','Roboter',10,12,57,14,4,21,
0,'n4gK','Roboter',10,14,57,10,42,59,
0,'ox0d','Dornerei',10,15,0,10,20,53,
0,'lwFq','Funken',10,15,1,10,22,57,
0,'pMaq','Roboter',10,21,37,11,0,14,
0,'lwFq','Roboter',10,22,57,10,37,1,
0,'Xgti','Funken',10,24,59,10,37,1,
0,'ox0d','Dornerei',10,25,0,10,30,53,
0,'ox0d','Stanzen',10,30,53,11,3,0,
0,'Xgti','Funken',10,37,1,11,8,59,
0,'lwFq','Funken',10,37,1,11,6,57,
0,'Hf6q','Roboter',10,40,17,10,50,21,
0,'n4gK','Funken',10,42,59,12,24,54,
0,'Hf6q','Funken',10,50,21,11,5,34,
0,'pMaq','Stanzen',11,0,14,11,5,37,
0,'ox0d','Stanzen',11,4,54,11,15,0,
0,'lwFq','Roboter',11,6,57,11,15,1,
0,'Hf6q','Funken',11,7,1,11,22,54,
0,'Xgti','Funken',11,8,59,11,29,1,
0,'ox0d','Dornerei',11,15,0,11,20,54,
0,'lwFq','Funken',11,15,1,11,20,57,
0,'pMaq','Stanzen',11,16,54,11,23,1,
0,'LLz2','Stanzen',11,18,54,11,35,0,
0,'ox0d','Stanzen',11,20,54,11,27,0,
0,'lwFq','Roboter',11,20,57,11,29,1,
0,'Hf6q','Stanzen',11,22,54,11,49,41,
0,'pMaq','Funken',11,23,1,11,29,34,
0,'ox0d','Dornerei',11,27,0,11,34,54,
0,'Xgti','Funken',11,29,1,12,14,59,
0,'lwFq','Funken',11,29,1,11,34,57,
0,'pMaq','Stanzen',11,32,54,11,44,21,
0,'LLz2','Dornerei',11,35,0,13,4,54,
0,'ox0d','Dornerei',11,37,0,12,16,54,
0,'lwFq','Roboter',11,38,57,12,29,1,
0,'pMaq','Funken',11,44,21,11,54,54,
0,'Hf6q','Funken',11,49,41,11,59,34,
0,'pMaq','Stanzen',11,54,54,12,21,1,
0,'Hf6q','Stanzen',11,59,34,12,6,57,
0,'Hf6q','Stanzen',12,11,34,12,18,57,
0,'Xgti','Funken',12,14,59,12,21,1,
0,'ox0d','Stanzen',12,16,54,13,5,0,
0,'Hf6q','Roboter',12,18,57,12,26,54,
0,'Xgti','Funken',12,21,1,12,48,59,
0,'pMaq','Funken',12,21,1,12,52,57,
0,'Hf6q','Stanzen',12,26,54,12,37,41,
0,'lwFq','Funken',12,29,1,12,42,57,
0,'n4gK','Funken',12,30,59,12,51,1,
0,'Hf6q','Funken',12,37,41,14,3,38,
0,'lwFq','Roboter',12,42,57,14,51,1,
0,'Xgti','Funken',12,48,59,12,57,1,
0,'n4gK','Funken',12,51,1,13,38,59,
0,'Xgti','Funken',12,57,1,13,40,59,
0,'pMaq','Roboter',13,2,57,13,24,21,
0,'LLz2','Stanzen',13,4,54,13,11,0,
0,'ox0d','Dornerei',13,5,0,13,18,54,
0,'LLz2','Dornerei',13,11,0,15,6,55,
0,'ox0d','Dornerei',13,23,0,13,42,54,
0,'pMaq','Funken',13,24,21,13,52,58,
0,'n4gK','Funken',13,38,59,14,49,1,
0,'ox0d','Stanzen',13,42,54,17,59,1,
0,'Xgti','Funken',13,43,1,14,4,59,
0,'pMaq','Funken',13,57,1,14,11,38,
0,'Hf6q','Roboter',14,3,38,14,15,41,
0,'Xgti','Roboter',14,6,58,14,15,1,
0,'pMaq','Roboter',14,11,38,14,34,14,
0,'ofEz','Roboter',14,12,58,19,22,20,
0,'Xgti','Funken',14,15,1,14,20,59,
0,'Hf6q','Roboter',14,17,38,14,29,41,
0,'Xgti','Funken',14,28,59,14,35,1,
0,'Hf6q','Roboter',14,32,58,14,50,19,
0,'pMaq','Stanzen',14,34,14,15,35,38,
0,'Xgti','Funken',14,35,1,14,42,59,
0,'Xgti','Funken',14,42,59,15,1,1,
0,'n4gK','Funken',14,49,1,14,54,59,
0,'lwFq','Roboter',14,52,58,15,3,1,
0,'Hf6q','Roboter',14,53,38,15,20,59,
0,'n4gK','Funken',14,54,59,15,31,2,
0,'LLz2','Stanzen',15,6,55,15,15,1,
0,'lwFq','Roboter',15,6,58,16,1,2,
0,'Xgti','Funken',15,7,1,16,56,59,
0,'LLz2','Dornerei',15,15,1,16,58,55,
0,'Hf6q','Funken',15,20,59,15,26,18,
0,'Hf6q','Funken',15,28,19,15,34,58,
0,'n4gK','Funken',15,32,59,16,1,2,
0,'pMaq','Roboter',15,35,38,16,15,42,
0,'Hf6q','Roboter',15,41,38,15,59,39,
0,'Hf6q','Funken',15,59,39,16,24,18,
0,'n4gK','Funken',16,1,2,16,22,59,
0,'lwFq','Funken',16,1,2,16,6,58,
0,'lwFq','Roboter',16,6,58,17,39,2,
0,'pMaq','Funken',16,15,42,16,34,18,
0,'n4gK','Funken',16,22,59,16,29,2,
0,'Hf6q','Roboter',16,24,18,16,32,19,
0,'n4gK','Funken',16,30,59,19,13,3,
0,'Hf6q','Funken',16,32,19,16,46,58,
0,'pMaq','Roboter',16,34,18,17,55,42,
0,'Hf6q','Funken',16,48,59,17,1,38,
0,'GmK6','Funken',16,49,39,17,58,58,
0,'Xgti','Funken',16,56,59,17,39,2,
0,'Hf6q','Roboter',17,1,38,17,7,39,
0,'LLz2','Dornerei',17,3,1,17,12,55,
0,'Hf6q','Funken',17,7,39,17,18,18,
0,'LLz2','Dornerei',17,17,1,18,20,55,
0,'Hf6q','Funken',17,21,42,17,47,0,
0,'Xgti','Funken',17,39,2,17,51,0,
0,'lwFq','Roboter',17,40,58,17,59,2,
0,'Hf6q','Funken',17,47,0,17,55,42,
0,'Xgti','Funken',17,53,2,18,15,0,
0,'Hf6q','Funken',17,55,42,18,13,0,
0,'GmK6','Roboter',17,58,58,18,35,0,
0,'ox0d','Dornerei',17,59,1,19,8,55,
0,'pMaq','Roboter',18,0,18,18,13,42,
0,'lwFq','Roboter',18,0,58,18,7,0,
0,'lwFq','Roboter',18,8,58,18,17,2,
0,'Hf6q','Funken',18,13,0,18,21,38,
0,'pMaq','Funken',18,13,42,19,13,38,
0,'Xgti','Funken',18,15,0,19,23,3,
0,'lwFq','Roboter',18,19,38,19,11,3,
0,'LLz2','Stanzen',18,20,55,18,33,1,
0,'Hf6q','Roboter',18,21,38,18,33,2,
0,'Hf6q','Funken',18,33,2,18,51,0,
0,'GmK6','Funken',18,35,0,21,52,16,
0,'LLz2','Stanzen',18,36,55,18,43,1,
0,'LLz2','Dornerei',18,43,1,19,36,55,
0,'Hf6q','Funken',18,51,0,19,15,38,
0,'ox0d','Dornerei',19,11,1,21,38,56,
0,'lwFq','Funken',19,11,3,19,18,58,
0,'n4gK','Funken',19,13,3,19,21,0,
0,'pMaq','Roboter',19,13,38,21,34,23,
0,'lwFq','Roboter',19,18,58,20,33,3,
0,'Hf6q','Funken',19,20,23,19,27,35,
0,'ofEz','Funken',19,22,20,19,39,43,
0,'Xgti','Funken',19,23,3,19,29,0,
0,'Hf6q','Stanzen',19,27,35,20,16,23,
0,'Xgti','Funken',19,29,0,20,11,3,
0,'LLz2','Stanzen',19,36,55,20,45,2,
0,'ofEz','Funken',19,39,43,20,4,18,
0,'ofEz','Roboter',20,4,18,22,21,0,
0,'Xgti','Funken',20,11,3,20,25,0,
0,'Hf6q','Funken',20,16,23,20,36,58,
0,'Xgti','Funken',20,25,0,20,51,3,
0,'Hf6q','Roboter',20,36,58,23,58,20,
0,'lwFq','Roboter',20,39,38,21,25,43,
0,'LLz2','Dornerei',20,45,2,20,50,56,
0,'LLz2','Stanzen',20,50,56,21,5,2,
0,'Xgti','Funken',20,51,3,21,7,0,
0,'LLz2','Dornerei',21,5,2,22,40,56,
0,'Xgti','Funken',21,7,0,21,49,3,
0,'lwFq','Roboter',21,26,58,22,17,43,
0,'pMaq','Funken',21,34,23,22,46,59,
0,'ox0d','Stanzen',21,38,56,21,53,2,
0,'Xgti','Funken',21,49,3,22,11,0,
0,'ox0d','Dornerei',21,53,2,23,8,56,
0,'Xgti','Funken',22,11,0,22,24,56,
0,'lwFq','Funken',22,17,43,22,23,39,
0,'ofEz','Funken',22,21,0,22,28,59,
0,'lwFq','Roboter',22,23,39,22,49,0,
0,'Xgti','Stanzen',22,24,56,22,33,0,
0,'Xgti','Stanzen',22,34,56,23,5,3,
0,'LLz2','Dornerei',22,45,2,22,58,56,
0,'pMaq','Roboter',22,46,59,23,15,40,
0,'lwFq','Funken',22,49,0,22,56,59,
0,'LLz2','Stanzen',22,58,56,23,7,2,
0,'Xgti','Funken',23,5,3,23,13,0,
0,'LLz2','Dornerei',23,7,2,23,24,56,
0,'ox0d','Stanzen',23,8,56,23,25,2,
0,'pMaq','Funken',23,15,40,23,52,59,
0,'Xgti','Stanzen',23,16,56,23,27,3,
0,'LLz2','Stanzen',23,24,56,23,53,2,