type,tag,location,startH,startM,startS,endH,endM,endS
0,'ox0d','Funken',0,7,19,0,23,27,
0,'GmK6','Roboter',0,21,27,1,2,30,
0,'ox0d','Roboter',0,23,27,0,31,19,
0,'Hf6q','Funken',0,31,19,0,56,7,
0,'ox0d','Roboter',0,35,27,0,43,19,
0,'ox0d','Funken',0,43,19,0,59,27,
0,'pMaq','Roboter',0,45,27,0,57,17,
0,'pMaq','Stanzen',0,57,17,1,2,47,
0,'pMaq','Roboter',1,2,47,1,9,57,
0,'ox0d','Funken',1,3,19,1,27,27,
0,'Hf6q','Funken',1,4,39,1,14,47,
0,'GmK6','Roboter',1,6,47,1,38,30,
0,'oiFK','Funken',1,9,19,2,14,7,
0,'pMaq','Roboter',1,13,27,1,28,30,
0,'Hf6q','Roboter',1,14,47,3,3,18,
0,'ox0d','Roboter',1,27,27,1,33,19,
0,'pMaq','Roboter',1,30,47,1,35,50,
0,'ox0d','Funken',1,33,19,2,37,10,
0,'pMaq','Funken',1,35,50,1,43,57,
0,'GmK6','Funken',1,38,30,1,52,7,
0,'pMaq','Stanzen',1,49,57,2,4,30,
0,'GmK6','Roboter',1,52,7,1,58,30,
0,'GmK6','Funken',1,58,30,2,17,27,
0,'pMaq','Funken',2,11,10,2,38,47,
0,'GmK6','Roboter',2,17,27,2,25,10,
0,'oiFK','Funken',2,17,59,2,23,27,
0,'oiFK','Roboter',2,23,27,3,20,39,
0,'GmK6','Funken',2,25,10,2,32,7,
0,'GmK6','Funken',2,33,50,2,48,7,
0,'ox0d','Funken',2,37,10,2,43,27,
0,'ox0d','Roboter',2,43,27,2,53,19,
0,'pMaq','Funken',2,45,10,3,14,38,
0,'lwFq','Stanzen',2,47,17,6,42,53,
0,'GmK6','Roboter',2,48,7,4,22,0,
0,'ox0d','Funken',2,53,19,3,14,7,
0,'Hf6q','Stanzen',3,3,18,3,46,7,
0,'ox0d','Roboter',3,14,7,3,19,19,
0,'ox0d','Funken',3,19,19,3,27,27,
0,'oiFK','Funken',3,20,39,5,40,47,
0,'ox0d','Roboter',3,27,27,3,37,20,
0,'pMaq','Funken',3,29,10,3,34,38,
0,'pMaq','Funken',3,35,10,3,41,58,
0,'ox0d','Funken',3,37,20,4,19,27,
0,'pMaq','Stanzen',3,41,58,3,52,30,
0,'Hf6q','Roboter',3,46,7,4,2,0,
0,'pMaq','Roboter',3,54,47,4,5,10,
0,'Hf6q','Funken',4,2,0,4,9,50,
0,'pMaq','Funken',4,5,10,4,15,27,
0,'Hf6q','Funken',4,9,50,4,16,0,
0,'pMaq','Roboter',4,15,27,4,25,50,
0,'Hf6q','Funken',4,16,0,4,26,7,
0,'ox0d','Roboter',4,19,27,4,27,20,
0,'GmK6','Roboter',4,25,27,6,37,51,
0,'pMaq','Funken',4,25,50,4,41,27,
0,'Hf6q','Roboter',4,26,7,4,32,30,
0,'ox0d','Funken',4,27,20,4,37,27,
0,'Hf6q','Funken',4,32,30,5,0,40,
0,'ox0d','Roboter',4,37,27,4,57,51,
0,'pMaq','Funken',4,49,51,4,55,27,
0,'pMaq','Roboter',4,55,27,5,7,11,
0,'ox0d','Funken',4,59,20,5,7,27,
0,'Hf6q','Funken',5,0,40,5,13,27,
0,'pMaq','Funken',5,7,11,5,12,47,
0,'ox0d','Roboter',5,7,27,5,13,20,
0,'pMaq','Funken',5,13,11,5,20,38,
0,'ox0d','Funken',5,13,20,5,47,27,
0,'Hf6q','Roboter',5,13,27,5,24,0,
0,'LLz2','Dornerei',5,18,52,5,25,18,
0,'pMaq','Funken',5,21,11,5,27,27,
0,'Hf6q','Funken',5,24,0,5,37,58,
0,'LLz2','Stanzen',5,25,18,6,4,53,
0,'pMaq','Roboter',5,27,27,5,49,11,
0,'Xgti','Dornerei',5,28,52,5,51,58,
0,'Hf6q','Stanzen',5,37,58,5,45,11,
0,'pMaq','Funken',5,49,11,6,1,27,
0,'Hf6q','Funken',5,50,0,6,13,18,
0,'ox0d','Funken',5,51,20,6,15,27,
0,'Xgti','Dornerei',5,56,13,6,25,58,
0,'ofEz','Funken',6,1,20,6,7,18,
0,'pMaq','Roboter',6,1,27,6,8,31,
0,'ofEz','Stanzen',6,7,18,7,5,20,
0,'LLz2','Stanzen',6,9,18,6,28,53,
0,'pMaq','Roboter',6,9,28,6,27,18,
0,'Hf6q','Stanzen',6,13,18,6,18,40,
0,'ox0d','Roboter',6,15,27,6,23,20,
0,'Hf6q','Funken',6,18,40,6,24,38,
0,'Hf6q','Stanzen',6,24,38,6,30,40,
0,'ox0d','Roboter',6,25,28,7,1,20,
0,'Xgti','Dornerei',6,26,53,7,7,58,
0,'LLz2','Dornerei',6,28,53,6,39,18,
0,'Hf6q','Funken',6,30,40,6,42,31,
0,'pMaq','Funken',6,33,51,6,40,48,
0,'LLz2','Stanzen',6,39,18,7,0,53,
0,'GmK6','Roboter',6,39,28,18,35,54,
0,'pMaq','Roboter',6,40,48,6,48,31,
0,'Hf6q','Funken',6,42,31,7,23,20,
0,'lwFq','Stanzen',6,47,18,6,54,53,
0,'pMaq','Roboter',6,49,28,8,40,31,
0,'lwFq','Stanzen',6,59,18,7,8,53,
0,'LLz2','Dornerei',7,0,53,7,13,18,
0,'ox0d','Funken',7,1,20,7,13,11,
0,'ofEz','Stanzen',7,7,18,7,37,20,
0,'LLz2','Stanzen',7,13,18,8,2,53,
0,'lwFq','Stanzen',7,13,18,7,30,53,
0,'ox0d','Funken',7,15,20,7,33,28,
0,'Xgti','Dornerei',7,18,53,10,31,59,
0,'Hf6q','Funken',7,25,51,8,6,38,
0,'lwFq','Dornerei',7,30,53,7,39,18,
0,'ox0d','Roboter',7,33,28,8,27,20,
0,'ofEz','Funken',7,37,20,7,53,18,
0,'lwFq','Stanzen',7,39,18,9,23,20,
0,'ofEz','Stanzen',7,53,18,8,5,20,
0,'LLz2','Dornerei',8,2,53,8,13,18,
0,'ofEz','Funken',8,5,20,8,39,18,
0,'Hf6q','Stanzen',8,6,38,8,17,20,
0,'LLz2','Stanzen',8,13,18,8,26,53,
0,'Hf6q','Funken',8,17,20,8,35,18,
0,'LLz2','Dornerei',8,26,53,8,45,18,
0,'ox0d','Funken',8,27,20,8,49,11,
0,'Hf6q','Funken',8,38,31,8,48,8,
0,'ofEz','Stanzen',8,39,18,8,57,20,
0,'pMaq','Roboter',8,45,28,8,55,51,
0,'Hf6q','Roboter',8,48,8,8,53,51,
0,'ox0d','Funken',8,51,20,9,5,28,
0,'Hf6q','Funken',8,53,51,9,26,8,
0,'LLz2','Dornerei',8,54,53,9,3,19,
0,'pMaq','Funken',8,55,51,9,13,28,
0,'ofEz','Funken',8,57,20,9,9,19,
0,'ox0d','Roboter',9,5,28,9,13,20,
0,'LLz2','Stanzen',9,9,19,9,44,53,
0,'ofEz','Funken',9,11,20,9,53,19,
0,'ox0d','Funken',9,13,20,9,45,28,
0,'pMaq','Roboter',9,13,28,9,34,31,
0,'lwFq','Funken',9,23,20,9,31,19,
0,'Hf6q','Roboter',9,26,8,9,42,31,
0,'lwFq','Stanzen',9,31,19,12,7,21,
0,'pMaq','Roboter',9,37,28,9,44,39,
0,'LLz2','Dornerei',9,44,53,10,21,19,
0,'ox0d','Roboter',9,45,28,9,51,21,
0,'Hf6q','Roboter',9,46,48,10,1,19,
0,'ofEz','Stanzen',9,53,19,10,1,21,
0,'ox0d','Roboter',9,53,28,10,3,11,
0,'pMaq','Roboter',9,59,28,10,5,11,
0,'ofEz','Funken',10,1,21,10,11,19,
0,'Hf6q','Stanzen',10,1,19,10,11,11,
0,'ox0d','Funken',10,3,11,10,11,28,
0,'pMaq','Funken',10,5,11,10,13,19,
0,'ofEz','Stanzen',10,11,19,10,21,21,
0,'Hf6q','Funken',10,11,11,10,31,19,
0,'ox0d','Roboter',10,11,28,10,17,21,
0,'pMaq','Funken',10,15,51,10,34,2,
0,'LLz2','Stanzen',10,21,19,10,56,54,
0,'ofEz','Funken',10,21,21,11,21,19,
0,'ox0d','Funken',10,21,21,11,1,11,
0,'Hf6q','Stanzen',10,31,19,10,58,31,
0,'pMaq','Roboter',10,35,28,11,19,11,
0,'Xgti','Dornerei',10,40,14,10,50,39,
0,'Xgti','Stanzen',10,50,39,11,6,54,
0,'LLz2','Dornerei',10,56,54,11,21,19,
0,'Hf6q','Stanzen',10,59,19,11,21,12,
0,'ox0d','Funken',11,3,21,11,17,12,
0,'Xgti','Dornerei',11,14,14,11,25,19,
0,'LLz2','Stanzen',11,21,19,11,36,54,
0,'pMaq','Roboter',11,21,28,11,51,52,
0,'ox0d','Roboter',11,23,28,11,47,21,
0,'ofEz','Funken',11,25,21,13,51,19,
0,'Hf6q','Funken',11,25,11,11,30,39,
0,'Xgti','Dornerei',11,28,54,13,2,39,
0,'Hf6q','Stanzen',11,30,39,11,37,12,
0,'LLz2','Dornerei',11,36,54,11,55,19,
0,'Hf6q','Funken',11,37,12,12,11,19,
0,'ox0d','Funken',11,47,21,11,54,8,
0,'ox0d','Funken',11,57,12,12,5,21,
0,'pMaq','Roboter',11,57,28,13,1,52,
0,'LLz2','Dornerei',11,58,54,12,9,19,
0,'ox0d','Funken',12,5,21,12,17,12,
0,'LLz2','Dornerei',12,10,54,12,25,19,
0,'Hf6q','Stanzen',12,11,19,12,18,8,
0,'ox0d','Funken',12,17,12,12,25,21,
0,'Hf6q','Roboter',12,18,8,12,27,12,
0,'LLz2','Stanzen',12,25,19,12,42,54,
0,'ox0d','Funken',12,27,12,12,35,28,
0,'Hf6q','Roboter',12,29,28,12,57,59,
0,'ox0d','Roboter',12,35,28,12,45,12,
0,'LLz2','Dornerei',12,42,54,13,41,19,
0,'ox0d','Funken',12,45,12,12,53,28,
0,'ox0d','Roboter',12,53,28,13,1,21,
0,'pMaq','Funken',13,1,52,13,15,28,
0,'Xgti','Stanzen',13,2,39,13,12,14,
0,'Hf6q','Roboter',13,6,48,13,11,59,
0,'ox0d','Funken',13,7,12,13,17,21,
0,'Xgti','Dornerei',13,12,14,13,27,59,
0,'Hf6q','Funken',13,15,12,13,23,19,
0,'pMaq','Roboter',13,15,28,17,19,12,
0,'ox0d','Funken',13,17,21,13,25,12,
0,'Hf6q','Roboter',13,26,8,13,31,59,
0,'ox0d','Roboter',13,29,28,14,7,21,
0,'Hf6q','Roboter',13,34,48,14,1,20,
0,'LLz2','Stanzen',13,41,19,13,46,54,
0,'LLz2','Dornerei',13,46,54,14,31,20,
0,'ofEz','Stanzen',13,51,19,13,59,21,
0,'ofEz','Funken',13,59,21,14,11,20,
0,'Hf6q','Stanzen',14,1,20,14,16,8,
0,'ox0d','Funken',14,7,21,14,29,28,
0,'ofEz','Funken',14,13,21,14,23,20,
0,'Hf6q','Roboter',14,16,8,14,21,20,
0,'Hf6q','Stanzen',14,21,20,14,27,12,
0,'ofEz','Stanzen',14,23,20,14,35,21,
0,'Hf6q','Funken',14,27,12,14,33,28,
0,'ox0d','Roboter',14,29,28,15,39,12,
0,'LLz2','Dornerei',14,32,55,15,31,20,
0,'Hf6q','Roboter',14,33,28,17,34,41,
0,'ofEz','Funken',14,35,21,14,43,20,
0,'ofEz','Stanzen',14,43,20,15,27,21,
0,'ofEz','Funken',15,27,21,16,29,20,
0,'LLz2','Dornerei',15,32,55,16,1,20,
0,'ox0d','Roboter',15,41,28,16,7,12,
0,'LLz2','Dornerei',16,2,55,18,51,20,
0,'ox0d','Funken',16,7,12,16,29,29,
0,'ofEz','Stanzen',16,29,20,17,11,21,
0,'ox0d','Roboter',16,29,29,16,47,12,
0,'ox0d','Funken',16,47,12,18,19,29,
0,'ofEz','Funken',17,11,21,20,43,21,
0,'pMaq','Roboter',17,21,29,17,54,0,
0,'Hf6q','Funken',17,34,41,17,52,9,
0,'Hf6q','Roboter',17,52,9,18,49,20,
0,'pMaq','Roboter',18,4,49,18,19,20,
0,'ox0d','Roboter',18,19,29,18,31,14,
0,'pMaq','Stanzen',18,19,20,18,24,49,
0,'pMaq','Roboter',18,24,49,18,52,0,
0,'ox0d','Funken',18,31,14,19,25,29,
0,'GmK6','Roboter',18,37,29,23,21,12,
0,'Hf6q','Stanzen',18,49,20,19,3,29,
0,'LLz2','Dornerei',18,52,55,20,33,21,
0,'pMaq','Roboter',18,53,29,19,12,0,
0,'Hf6q','Roboter',19,3,29,20,41,54,
0,'pMaq','Roboter',19,15,29,19,25,20,
0,'ox0d','Funken',19,27,22,19,35,14,
0,'pMaq','Roboter',19,31,29,19,52,1,
0,'ox0d','Funken',19,35,14,19,57,29,
0,'pMaq','Roboter',19,53,29,20,20,41,
0,'ox0d','Roboter',19,57,29,20,13,14,
0,'ox0d','Roboter',20,19,29,20,27,22,
0,'pMaq','Roboter',20,21,29,20,29,21,
0,'ox0d','Roboter',20,29,29,20,41,14,
0,'pMaq','Stanzen',20,29,21,20,34,49,
0,'pMaq','Roboter',20,34,49,20,48,1,
0,'LLz2','Dornerei',20,36,56,20,51,21,
0,'ox0d','Funken',20,41,14,20,57,29,
0,'ofEz','Stanzen',20,43,21,20,51,22,
0,'pMaq','Stanzen',20,48,1,20,53,54,
0,'Hf6q','Roboter',20,48,9,21,40,1,
0,'ofEz','Funken',20,51,22,21,15,21,
0,'LLz2','Dornerei',20,52,56,21,17,21,
0,'pMaq','Funken',20,53,54,20,59,29,
0,'ox0d','Roboter',20,57,29,21,9,14,
0,'pMaq','Funken',21,3,14,21,10,41,
0,'ox0d','Funken',21,9,14,21,29,29,
0,'pMaq','Roboter',21,12,9,21,22,41,
0,'ofEz','Stanzen',21,15,21,21,27,22,
0,'LLz2','Dornerei',21,18,56,21,49,21,
0,'pMaq','Roboter',21,25,29,21,34,41,
0,'ofEz','Funken',21,27,22,21,59,21,
0,'ox0d','Roboter',21,29,29,21,49,14,
0,'pMaq','Funken',21,35,14,21,40,41,
0,'pMaq','Roboter',21,42,49,22,15,21,
0,'Hf6q','Roboter',21,42,49,22,4,1,
0,'LLz2','Dornerei',21,50,56,22,57,21,
0,'ox0d','Funken',21,53,14,22,17,22,
0,'ofEz','Stanzen',21,59,21,22,11,22,
0,'Hf6q','Stanzen',22,4,1,22,19,54,
0,'ofEz','Stanzen',22,13,21,22,55,22,
0,'pMaq','Funken',22,19,15,22,26,9,
0,'ox0d','Funken',22,19,15,23,3,22,
0,'Hf6q','Stanzen',22,21,21,23,8,49,
0,'pMaq','Roboter',22,26,9,23,6,1,
0,'ofEz','Funken',22,55,22,23,1,21,
0,'LLz2','Stanzen',22,57,21,23,2,56,
0,'ofEz','Stanzen',23,1,21,23,37,22,
0,'LLz2','Dornerei',23,2,56,23,51,21,
0,'ox0d','Funken',23,3,22,23,15,12,
0,'pMaq','Roboter',23,8,9,23,19,21,
0,'ox0d','Funken',23,15,12,23,59,29,
0,'GmK6','Funken',23,21,12,23,55,29,
0,'pMaq','Roboter',23,22,49,23,46,41,
0,'pMaq','Stanzen',23,46,41,23,54,9,